org.apache.commons.lang3.RandomStringUtilsTest.testExceptions()
[49,2,4,5,50]
[49,2,4,5,50]
[49,2,4,5,50]
[49,2,4,6,7,50]
[49,2,4,5,50]
[49,2,4,5,50]
[49,2,4,5,50]
[49,2,4,5,50]
[49,2,4,5,50]
[49,2,4,6,8,17,18,20,21,22,23,24,25,50]
[49,2,4,6,8,17,18,20,21,22,23,24,25,50]
[49,2,4,6,8,9,11,12,14,20,21,22,23,26,27,28,29,34,35,36,37,40,41,42,43,44,45,28,48,50]
[49,2,4,6,8,9,11,20,21,22,23,26,27,28,29,30,31,34,35,36,37,40,41,42,43,44,45,28,48,50]
[49,2,4,6,8,17,18,20,21,22,23,26,27,28,29,30,31,34,35,36,37,40,41,42,43,44,45,28,48,50]
[49,2,4,6,8,9,11,20,21,22,23,26,27,28,29,30,31,34,35,36,37,40,41,42,46,47,28,48,50]
[49,2,4,6,8,9,11,20,21,22,26,27,28,29,30,31,34,35,36,37,40,41,42,43,44,45,48,50]
[49,2,3,50]
[49,2,4,5,50]
[49,2,4,6,7,50]
[49,2,4,6,8,9,11,12,14,20,21,22,26,27,28,29,34,35,36,37,40,41,42,43,44,45,28,48,50]
[49,2,4,6,8,9,11,12,14,20,21,22,23,26,27,28,29,30,31,34,35,36,37,40,41,42,43,44,45,48,50]
[49,2,4,6,8,9,11,12,14,20,21,22,23,26,27,28,29,30,31,34,35,36,37,40,41,42,46,47,48,50]
[49,2,4,6,8,9,11,12,14,20,21,22,26,27,28,29,30,31,34,35,36,37,40,41,42,43,44,45,48,50]
[49,2,4,6,8,9,11,12,14,20,21,22,26,27,28,29,30,31,34,35,36,37,40,41,42,46,47,48,50]
[49,2,4,6,8,9,11,12,14,20,21,22,23,26,27,28,29,34,35,36,37,40,41,42,43,44,45,48,50]
[49,2,4,6,8,9,11,20,21,22,23,26,27,28,29,30,31,34,35,36,37,40,41,42,43,44,45,48,50]
[49,2,4,6,8,17,18,20,21,22,23,26,27,28,29,30,31,34,35,36,37,40,41,42,43,44,45,48,50]
[49,2,4,6,8,9,11,20,21,22,23,26,27,28,29,30,31,34,35,36,37,40,41,42,46,47,48,50]
[49,2,4,6,8,9,11,20,21,22,26,27,28,29,30,31,34,35,36,37,40,41,42,43,44,45,48,50]
[49,2,4,6,8,17,18,20,21,22,23,26,27,28,29,30,31,34,35,36,37,40,41,42,46,47,48,50]
[49,2,4,6,8,9,11,12,14,20,21,22,26,27,28,29,34,35,36,37,40,41,42,43,44,45,48,50]
[49,2,4,6,8,9,11,12,14,20,21,22,23,26,27,28,29,34,35,36,37,40,41,42,46,47,48,50]
[49,2,4,6,8,17,18,20,21,22,26,27,28,29,30,31,34,35,36,37,40,41,42,43,44,45,48,50]
[49,2,4,6,8,17,18,20,21,22,23,26,27,28,29,34,35,36,37,40,41,42,43,44,45,48,50]
[49,2,4,6,8,9,11,20,21,22,26,27,28,29,30,31,34,35,36,37,40,41,42,46,47,48,50]
[49,2,4,6,8,17,18,20,21,22,26,27,28,29,30,31,34,35,36,37,40,41,42,46,47,48,50]
[49,2,4,6,8,9,11,20,21,22,23,26,27,28,29,34,35,36,37,40,41,42,43,44,45,48,50]
[49,2,4,6,8,9,11,12,14,20,21,22,23,26,27,28,29,30,31,34,35,36,37,38,39,48,50]
[49,2,4,6,8,9,11,12,14,20,21,22,26,27,28,29,34,35,36,37,40,41,42,46,47,48,50]
[49,2,4,6,8,17,18,20,21,22,26,27,28,29,34,35,36,37,40,41,42,43,44,45,48,50]
[49,2,4,6,8,17,18,20,21,22,23,26,27,28,29,34,35,36,37,40,41,42,46,47,48,50]
[49,2,4,6,8,9,11,12,14,20,21,22,26,27,28,29,30,31,34,35,36,37,38,39,48,50]
[49,2,4,6,8,9,11,20,21,22,26,27,28,29,34,35,36,37,40,41,42,43,44,45,48,50]
[49,2,4,6,8,9,11,20,21,22,23,26,27,28,29,34,35,36,37,40,41,42,46,47,48,50]
[49,2,4,6,8,17,18,20,21,22,26,27,28,29,34,35,36,37,40,41,42,46,47,48,50]
[49,2,4,6,8,9,11,20,21,22,23,26,27,28,29,30,31,34,35,36,37,38,39,48,50]
[49,2,4,6,8,9,11,12,14,20,21,22,23,26,27,28,29,34,35,36,37,38,39,48,50]
[49,2,4,6,8,9,11,20,21,22,26,27,28,29,34,35,36,37,40,41,42,46,47,48,50]
[49,2,4,6,8,17,18,20,21,22,23,26,27,28,29,30,31,34,35,36,37,38,39,48,50]
[49,2,4,6,8,9,11,20,21,22,26,27,28,29,30,31,34,35,36,37,38,39,48,50]
[49,2,4,6,8,9,11,12,14,20,21,22,26,27,28,29,34,35,36,37,38,39,48,50]
[49,2,4,6,8,17,18,20,21,22,26,27,28,29,30,31,34,35,36,37,38,39,48,50]
[49,2,4,6,8,9,11,20,21,22,23,26,27,28,29,34,35,36,37,38,39,48,50]
[49,2,4,6,8,17,18,20,21,22,23,26,27,28,29,34,35,36,37,38,39,48,50]
[49,2,4,6,8,9,11,12,14,20,21,22,23,26,27,28,29,30,31,32,33,48,50]
[49,2,4,6,8,9,11,20,21,22,26,27,28,29,34,35,36,37,38,39,48,50]
[49,2,4,6,8,9,11,12,14,20,21,22,26,27,28,29,30,31,32,33,48,50]
[49,2,4,6,8,17,18,20,21,22,26,27,28,29,34,35,36,37,38,39,48,50]
[49,2,4,6,8,17,18,20,21,22,23,26,27,28,29,30,31,32,33,48,50]
[49,2,4,6,8,9,11,20,21,22,23,26,27,28,29,30,31,32,33,48,50]
[49,2,4,6,8,17,18,20,21,22,26,27,28,29,30,31,32,33,48,50]
[49,2,4,6,8,9,11,20,21,22,26,27,28,29,30,31,32,33,48,50]
[49,2,4,6,8,9,11,12,14,20,21,22,23,26,27,28,48,50]
[49,2,4,6,8,9,11,12,14,20,21,22,26,27,28,48,50]
[49,2,4,6,8,17,18,20,21,22,23,26,27,28,48,50]
[49,2,4,6,8,9,11,12,14,20,21,22,23,24,25,50]
[49,2,4,6,8,9,11,20,21,22,23,26,27,28,48,50]
[38,39,28,29,30,31,34,35,36,37,40,41,42,43,44,45,48,50]
[46,47,28,29,30,31,34,35,36,37,40,41,42,43,44,45,48,50]
[32,33,28,29,30,31,34,35,36,37,40,41,42,43,44,45,48,50]
[30,31,32,33,28,29,34,35,36,37,40,41,42,43,44,45,48,50]
[49,2,4,6,8,17,18,20,21,22,26,27,28,48,50]
[49,2,4,6,8,9,11,20,21,22,26,27,28,48,50]
[49,2,4,6,8,9,11,12,14,20,21,22,23,26,27,28,29,34,35,36,37,40,41,42,46,47,48,50]
[49,2,4,6,8,17,18,20,21,22,26,27,28,29,30,31,34,35,36,37,40,41,42,43,44,45,48,50]
[49,2,4,6,8,17,18,20,21,22,23,26,27,28,29,34,35,36,37,40,41,42,43,44,45,48,50]
[49,2,4,6,8,9,11,20,21,22,26,27,28,29,30,31,34,35,36,37,40,41,42,46,47,48,50]
[49,2,4,6,8,17,18,20,21,22,26,27,28,29,30,31,34,35,36,37,40,41,42,46,47,48,50]
